321222
168093
407258
122030
359865
387542
410339
550745
465976
574353
777744
860213
127777
87142
529459
806062
152682
721985
466840
48737
30155
332975
131051
24089
166889
376870
694875
942517
61867
252315
154715
181733
618750
461021
923422
507429
354678
514557
218136
294558
179034
274490
429086
722501
526748
921833
253862
629319
857349
828846
730251
384171
418181
187514
722182
648420
702649
864554
734152
660250
393191
47937
543536
91300
449856
53531
562648
835956
526886
250099
462292
976543
563584
406398
618981
268195
74355
959069
857924
414166
735063
688098
471257
199973
496560
456660
535625
707890
939170
644062
917119
906030
581635
862264
223198
246737
335115
704330
964816
291277
5778
58116
916994
759476
113842
565138
148196
794269
419232
612371
861458
230808
206019
927302
784127
669140
744587
167503
682192
435333
83801
495093
320177
199517
687858
55366
767423
929159
563373
474235
487742
827684
965527
366070
334014
694161
92604
799489
220013
173573
299512
780553
431587
991245
345289
460977
392875
687654
309615
420744
795911
825333
547743
736382
638690
113120
682510
467867
905030
639023
980799
777320
166074
828896
171286
988009
132927
14676
765074
322921
436721
933898
647716
213731
411728
458356
327589
180092
412172
986497
432311
674293
144016
296182
48028
610128
836719
545815
209651
64505
651334
766875
452247
878015
827001
609919
897193
748881
285219
221878
616887
717783
442701
687158
536095
585002
403948
263361
500217
93083
769017
161007
798984
405576
857756
428364
122056
82944
112068
381158
471111
624360
928295
980143
354925
928858
93085
376469
59508
185605
72023
757410
879643
545048
378740
595936
849446
606754
386189
157102
223130
231551
46040
415554
65717
86992
920847
404092
57754
889937
145403
288879
10062
415613
949620
231780
553863
202816
348303
354721
488474
279139
591125
727119
184691
166181
63636
234318
668638
386649
818076
213905
406459
727357
579207
577820
186078
452642
48438
428886
489967
210505
530081
692178
55534
446141
493170
567439
490552
517207
135431
526463
168853
862814
59068
966491
77086
610842
655202
939744
276661
498082
859398
932699
693540
889994
730733
289503
225814
932314
177665
950332
616501
474742
978764
681157
861203
478488
846258
972919
181250
284112
228777
365673
723515
310654
538624
402386
850165
244185
337493
921500
421884
629934
499673
842794
428299
407158
423765
992434
362225
925687
21394
923978
761116
213344
801234
107255
142371
279870
18639
546693
217949
126544
77117
192371
682645
736711
4079
978826
792988
670175
214996
897717
853790
314912
487612
190525
13090
396425
437887
127000
133399
709959
53183
718838
579980
758015
406521
561898
327360
668164
360063
194641
351029
389033
162963
620607
245589
132748
252951
9237
144783
993953
365742
338928
883932
278636
610234
497365
311005
97204
605135
462549
634038
780007
965598
187210
675332
120340
518739
282104
558264
51553
272851
600251
539955
289499
732973
453849
552605
837495
904446
372584
261289
534696
60658
389419
627061
87457
403980
286554
257136
195180
519137
690443
448846
468274
167240
779294
872434
310477
829036
914514
40646
203665
429273
370426
261615
286008
435631
945289
998892
764677
201902
732797
467706
491034
325574
182397
188841
193224
290081
528549
317872
923451
108019
659349
387981
705350
786996
499867
853775
567699
764969
659875
995358
447183
5702
554647
259861
403327
91232
531686
997005
548009
8863
262052
423399
131248
839348
823089
629843
252582
649128
657613
35891
623219
648013
644232
375719
485602
997308
517740
519014
490167
118247
334050
203556
439269
464892
167132
652390
565727
42277
143691
31278
195819
608288
534966
734721
894473
896278
835306
533880
722029
714839
154198
863776
309123
164039
412262
263068
297465
312728
137857
989513
219814
808243
546498
915684
195010
141337
801068
431779
66600
669048
973250
645021
990904
634798
799588
886756
183676
212236
629819
461419
887404
86197
566152
264392
850446
98729
146225
278991
887197
380544
176331
59112
781196
454799
46243
579157
949315
385313
432347
698215
895222
77443
866378
205187
231860
868135
240248
355508
599271
568719
77683
317556
276404
111123
675194
333881
970778
24550
376500
405293
328337
882638
619436
787619
562969
420456
835040
231262
815748
481033
726295
72586
869419
214194
978864
675691
973186
224494
24860
495787
36312
213173
608823
45663
944902
489896
877475
783563
377621
379545
46039
330292
837915
740025
376198
254448
439294
466326
919301
803137
434622
380914
458089
522579
310232
818205
978274
551062
173365
334420
796065
798443
61447
710327
414968
718385
102980
376549
259859
920167
635071
615933
817654
682826
460832
750168
539014
36128
159591
819538
65658
847426
356841
756455
712868
340145
810219
509047
671643
900193
145591
653991
828200
535529
167893
575869
539347
469948
179579
430689
986542
475903
543740
996074
649093
689910
506276
406217
294829
570862
413407
757217
662041
477202
96802
324380
854831
397662
646967
296583
566181
109288
352322
173528
230235
460118
17247
530313
341929
352409
85786
814857
261460
221103
505568
857177
556865
757205
577140
927953
141122
405940
399866
313387
93002
713576
934816
348218
208795
576156
674085
405586
305797
348900
597844
194461
262699
69565
986735
94273
440246
107916
854900
38136
685635
498573
118763
186311
980374
314440
213343
944670
815021
220206
564195
954104
617656
939593
919755
540911
688733
887032
796644
832888
919535
330108
40988
5037
72158
782313
261828
600955
926602
423330
611520
176520
151880
458882
113257
26024
554959
805307
782931
984354
638414
104432
618497
955240
350698
313580
188372
887007
723001
438761
772110
525503
933675
419287
879875
811155
653366
587566
457513
993500
662910
646061
218254
114113
882865
550488
891650
251848
737826
516363
592396
233759
550546
237149
921445
753757
735849
520710
235187
989946
730603
812486
440489
896420
226502
457731
838030
439542
143426
226647
611789
506888
966923
230606
134079
807045
597788
199262
295715
927959
12832
804434
322912
41522
759138
434803
477168
9460
93414
525332
203048
131344
67300
224657
319679
313036
505360
295463
979715
694614
943838
284629
85336
250506
580384
547504
259041
782749
505177
685740
26004
638042
635718
173259
771710
958308
623337
409472
868358
678063
849439
964475
318714
895722
978419
637054
767938
912328
169526
133715
767529
651645
201866
526086
792788
189138
308448
830415
747549
595369
404068
514198
454916
878362
10066
692351
436996
270083
691245
56595
231257
83435
59891
180507
141234
972929
698454
897667
932476
284124
323761
300506
906684
491886
544644
63866
932026
506991
689880
87177
487529
504960
48498
523668
190978
616353
431585
255286
842897
104775
797445
908935
25352
161357
892481
596153
42155
541740
476333
725131
667071
52395
965114
873294
69118
282200
937944
483395
340981
397245
119075
784360
548856
542714
138815
540818
583343
505759
334389
844457
705488
210989
756824
146791
242842
847832
242968
859546
520500
457152
676621
136527
867231
438329
865106
259402
117438
896565
4589
617103
115852
762342
205857
742105
83660
639934
313404
670022
462792
778612
342492
970468
720856
447303
483626
954857
238967
224587
286773
635017
369873
494312
197887
860157
256242
734249
369054
379106
822063
869139
351843
99197
527517
848518
798292
544364
589379
799034
417960
770026
583593
944211
611148
513248
809373
421349
64688
106283
519069
986742
619616
892940
607689
329141
709398
590916
809912
325245
706591
127177
497447
242503
458930
725024
99759
501822
498317
906966
106807
138706
348736
693041
141871
550934
454218
712673
242520
698790
657566
490758
440010
181006
17382
803804
96151
308566
684749
8808
464390
857455
555689
630379
74826
288861
964041
583399
864204
186940
49865
442355
962024
812134
79830
483546
828069
919364
608258
653812
586538
482259
365287
747774
64188
721129
149192
324133
702700
819341
710758
797043
504704
36928
934376
704567
511574
794871
601138
863796
448161
739464
209626
404019
191872
13032
790826
712014
422936
588898
897567
726000
27442
98790
75741
319266
588179
867207
173769
465496
621851
474095
748274
242663
788977
535211
454545
4092
877413
605209
903029
22855
486561
671153
410772
851597
37842
73529
157687
722313
920665
91113
175368
238019
998592
837857
348433
607149
929865
170125
903792
5536
65695
139186
582426
85485
665025
48853
773220
185450
772141
94435
866688
466549
880208
262316
721733
36771
829777
396907
955193
897704
609933
403167
995884
369059
97237
355427
861131
36261
603962
319712
348360
609665
908573
159158
273109
80427
616187
738078
658310
875145
340975
368656
686505
277517
834705
454647
485026
123875
492419
726506
958278
450059
160363
622081
16608
390399
426840
456468
823714
528094
59699
580320
49577
258316
122805
944278
574127
309531
426619
620724
84189
909857
902477
786165
218301
630820
126067
753609
972904
247230
876308
325051
921034
130309
246285
710532
80825
228373
418791
422647
883551
309335
638403
228236
946861
951062
221145
663312
126236
868468
884107
136453
309199
12661
407167
630636
28539
361595
328154
493876
831417
335658
511475
211815
999
172466
954952
103213
774004
941397
864065
448876
505959
952074
325174
90095
820199
198152
813267
740230
712104
510961
815948
175074
426666
999187
503365
1766
258735
806989
709768
393348
68408
10530
844276
396357
904469
775619
884012
750725
343137
259360
947130
401864
926294
873279
307840
600137
298307
845526
161571
966772
195094
715932
771434
69002
56684
731324
825564
387528
64739
505125
516337
880856
111716
544719
995620
624663
131620
996753
516941
811343
469769
4240
70266
47238
674495
480154
895233
755358
622511
430830
838760
453721
984431
456883
423160
193175
860774
323451
625959
527515
11731
435245
960154
667149
782695
169726
548501
136196
923372
188838
726612
995096
54606
584260
121839
513731
729289
333961
125204
162093
503982
736912
92293
645092
659135
163383
512523
734157
673764
781205
704820
86355
177268
967585
87323
46079
617913
264810
98265
439482
529217
267007
460862
849597
66636
308463
736802
329791
170703
524890
906709
627439
288528
430402
640943
118994
314695
772182
146280
705962
618203
248831
670415
743442
844746
32047
294292
61209
392008
691142
535546
344772
775609
116624
917896
878489
729471
892250
414793
896926
429902
123377
184509
849873
508110
136878
611451
580148
144649
556772
276217
626015
571328
468586
190357
688339
779942
892218
792928
457245
354132
739842
340366
591683
891849
351842
900782
873033
64486
225756
897403
273876
916827
530572
830871
203095
415110
849421
589561
776006
364849
683626
688783
196802
675070
126271
97475
775614
592266
527999
734704
425908
385774
790295
770135
981776
492433
401542
867925
646124
17084
616709
54900
544460
534427
187516
846792
729417
790820
461175
272484
39030
571880
787889
992230
464300
453157
340410
802325
646956
824264
704371
20304
658833
216104
838758
650132
612415
873608
452594
802151
721929
476239
312932
366271
351892
456043
858619
409549
815586
20332
828415
898011
645858
410674
860919
444450
908735
589434
44551
148054
679365
571151
697247
128932
372900
255633
773567
837380
524471
200989
190951
334802
438059
237366
153755
463648
724422
638581
893288
526748
770756
275223
818984
109379
734449
59219
215957
584355
250987
53827
329405
515422
707499
639529
311588
133897
298573
556239
419601
452427
779511
296527
281763
436936
953937
873325
182038
52663
215282
759770
215449
595750
51889
37855
278633
305059
21054
836871
726370
59944
389277
487411
154571
512477
84526
665714
475562
60276
604441
961705
652218
759951
449807
860800
39825
381712
775610
941724
136742
807042
913188
172784
755772
244715
625497
94662
649577
42894
520512
88555
614177
674845
242075
895204
754333
531744
452918
320454
220633
572264
400337
600190
622720
125024
669311
107820
216523
507420
215126
774033
604117
335862
774954
848096
617824
569461
148262
667069
465443
395924
142021
706999
539350
149142
327110
978543
810627
521471
758196
942242
464445
255773
888403
584554
241848
49591
894933
897245
67186
420138
890084
680852
110403
33059
527449
323973
796840
512714
926650
470121
387248
682602
122923
185701
579381
594849
791241
680891
387412
592819
846904
198449
321004
796368
947562
357037
562219
486536
793316
423183
539006
22645
503026
918898
144548
299991
444618
419885
969554
246622
593938
139584
866565
757080
848313
515287
625984
935532
806841
476120
417925
58884
687103
707289
545667
723909
303071
80302
304356
458473
463918
792107
271538
29666
186387
781395
552552
594430
712888
476230
701841
168054
390623
43305
587540
25348
86220
965343
824128
331945
319982
425579
441166
429231
101487
861544
475499
957328
342613
428926
461897
437832
702764
643396
318900
885294
52823
252428
205944
37501
153635
685291
995444
939944
586524
623126
507671
868869
898340
108268
413235
548214
615437
64088
528447
848168
410452
882520
775906
720748
842109
298355
220031
355643
822711
26433
632021
234761
77484
146105
103396
870340
107530
21280
192242
446493
681401
221460
694871
341220
234829
338784
856426
968852
391391
703990
169618
157223
350238
954853
553141
184557
140205
909871
317872
985300
51902
402069
955798
359788
176425
289268
90796
145062
548633
363620
771053
715138
981673
188276
769630
505422
584770
316403
406400
68001
211425
481907
748374
678676
399538
117613
1334
922770
731602
500683
558869
590229
298043
652838
767482
87829
357252
920490
62944
782477
158844
176561
696182
524755
621391
144178
112983
406844
683761
627493
374057
597447
362374
218039
249022
581386
479318
241119
505391
813911
311714
437450
895761
370730
665140
207370
710991
951622
880188
80413
814026
117652
785876
251109
27053
634825
596327
942489
730859
418556
272553
978930
639111
571189
799941
394368
352713
194060
569055
65380
242594
264235
90420
739552
46903
665844
952426
391694
475327
673724
602638
175258
562058
68495
935898
44057
791563
769335
772737
822047
422466
5590
921765
967442
401346
519774
599277
776911
90225
148832
670053
788635
373805
915396
951866
697390
400602
678681
128334
445998
710571
846449
701359
729079
980036
541670
860625
207157
328372
967611
482235
846299
415161
819395
286872
811969
816804
584545
847821
358850
433551
168692
706397
168993
675385
328908
94346
410738
703983
442784
865333
113983
771484
164703
810392
538964
980653
317903
658559
131187
184431
80411
841310
86574
366799
13938
857569
559761
590932
740963
633202
67829
212714
812153
323505
669404
266591
958047
320989
9042
469933
164466
302929
666880
952106
342988
850874
416660
698037
771388
167135
292701
458178
462638
920381
217546
882975
629857
717883
236078
804185
671879
612143
103624
441859
133194
480805
913403
475152
44963
693659
997006
509939
224414
594774
12016
855503
669986
748093
433105
558031
349682
328320
772379
355203
736180
82987
183942
263681
938809
562569
143517
668651
5901
82595
180483
921760
144640
821
282722
843765
275195
122230
892216
240434
665769
606674
223442
909520
668524
77648
238000
342936
384274
409048
527806
417486
714757
279363
566280
61885
284282
591568
443675
476963
228093
935622
367183
181262
296423
588077
48601
775346
67514
242961
410504
969446
466707
516470
967990
143081
385906
461172
859437
158464
436272
696896
368343
596434
921658
263094
444423
323197
480220
714464
899862
39258
152633
540243
810002
231917
981213
63387
12427
543362
241963
441286
163942
147232
582204
326459
638152
455666
335684
567813
87213
185304
66646
655769
23851
332723
32200
873801
804861
534616
373159
750760
331297
784095
176223
693752
855482
470500
464414
136191
998004
548389
921339
933547
599285
250906
282522
409061
61517
351700
595757
596855
674767
419277
950404
429996
37635
956635
585951
546867
307895
128684
587909
277009
848872
798210
622912
858466
298426
715345
494120
579936
334409
720936
9610
224310
142792
249762
670922
571050
253961
848304
159540
319320
310206
583921
625891
85507
379968
127534
43102
282793
251645
816825
266881
787400
833945
811430
683239
80330
554940
932970
769761
175480
820986
414935
144804
642665
997888
303755
312813
780240
468699
134076
982684
81749
445910
114851
570791
172770
304816
861511
831477
77484
150984
425057
583510
666024
749930
459334
687452
544739
741948
739028
418175
910943
902448
347527
366227
102847
989297
960217
612927
958469
544154
20941
308374
416850
271861
952537
193313
893788
155285
881097
787801
243993
423905
809095
399615
154410
975796
136249
658678
96656
769377
164839
741792
718619
308409
273707
632301
635630
420523
537543
972923
700115
871501
387004
390538
398101
145088
606983
672300
163662
758437
806225
287412
138104
278231
871342
757210
558125
243766
924564
776404
944799
920172
997760
406296
292123
356100
266440
947392
726204
722114
705507
264184
625352
821129
130954
612161
658774
878570
778338
817300
570648
384008
203417
4095
682774
581547
90478
398552
806296
332363
457876
279708
436071
913519
485682
355335
470271
872401
985714
233598
442997
384030
749600
336008
542148
851585
112092
357013
160456
942272
991670
2855
550534
128618
560568
806941
487682
75747
87710
444105
712211
799411
555856
945786
320156
844293
858444
38644
714279
333914
158868
122654
863659
316364
449873
502539
6289
142590
166133
698685
855867
963377
531002
995516
758979
726439
246690
158017
169709
774980
95936
334384
992707
56706
730579
910434
885084
103177
316713
157544
732507
744149
542474
344931
425714
772512
333847
587606
910116
160478
144594
326826
253530
879887
296013
731231
103681
245711
653774
513963
873915
466346
22055
57506
284791
102404
433097
842048
413455
798789
370794
17001
72620
437688
741638
713817
516617
188490
869592
417008
834744
555087
915924
914426
77271
210495
450181
854010
843770
88097
606792
87356
698712
924389
696173
428572
238000
54138
393378
22059
421453
235063
546817
276999
977553
219799
716224
334297
953174
752329
846102
933675
951762
492672
592388
864353
648608
579940
886483
708228
720153
534057
611354
621751
497653
302753
184778
914426
426732
498646
444674
875519
319220
361428
714604
556492
834034
221121
90245
771619
515170
441580
886504
216154
424731
624984
193297
243731
864040
788063
122747
790165
42960
439113
668770
166252
647190
228885
966114
628847
673915
233992
255568
576139
372440
538688
239717
484523
973700
266911
159696
649500
454501
935182
543071
723476
12468
626991
201534
340493
928693
186871
256398
306878
36563
622790
486167
339406
734095
472032
365293
778670
65626
808861
591908
296799
725518
794887
342404
502119
613095
306299
49095
213675
787101
565065
250328
263778
306695
211221
200698
880866
121415
455372
736274
219329
356294
236938
477882
185609
248139
219680
70938
309396
49466
841010
743904
986365
6176
838297
806484
479855
541109
699648
611324
269743
178740
81673
680191
387410
149835
64645
321598
743011
410489
47787
966608
104368
60740
614650
168154
512912
996784
575444
831330
434472
174720
905855
26438
441033
863156
270261
321288
609539
52515
143666
15609
968655
289577
929316
448780
632509
729136
342684
759788
860677
147842
910097
412334
759132
179985
507559
548614
528670
458361
629288
971275
114510
540670
603369
525761
482483
879146
554312
471908
762159
278490
704332
930775
422027
595764
30358
784782
139859
738991
37711
457793
86818
10971
567291
117166
144265
357235
313281
939142
923989
262288
500689
652229
609211
104898
272396
533693
429563
866647
682686
991702
45295
77404
374773
444690
391148
774415
122852
868554
227180
457783
950056
438789
524479
449979
18370
633336
439580
963983
175807
108087
571332
357547
807765
674303
757553
683590
339185
867952
913223
458308
167246
572716
778961
585989
755036
120858
659673
765620
372899
830926
324796
544048
945707
692581
455841
294979
148087
943610
690860
225811
182826
145909
204516
898616
550383
733005
274221
639383
958606
622253
103979
533262
135936
798524
477895
205864
443012
593939
646586
416053
741650
256225
503478
216452
910531
559972
949320
543325
761468
89505
831707
472367
940278
839751
56900
871869
137962
723890
847104
132239
577364
10967
245236
442755
344679
957803
739346
487756
244935
28698
440600
9749
869032
513914
626095
581011
524638
962016
780877
270928
955315
941915
287586
787595
423182
618086
127915
764302
906688
676618
240406
852282
779816
357101
313334
361017
414206
662105
201612
591386
108626
622883
585342
974071
866336
501860
911689
671158
704756
386433
867168
254502
673499
111019
77167
403246
118745
678404
499170
740240
898650
973074
883246
24675
146064
955203
94127
976428
720403
830902
360741
562650
12169
54454
444160
816225
727743
968817
523909
260135
481486
260490
285047
608997
817485
114422
882237
512432
257381
103522
224932
762023
793235
56592
257645
556760
539514
624604
735044
237341
531238
972181
273734
905037
794638
731499
422723
457759
545036
352101
811013
691358
47338
718749
447643
263008
27131
793830
10871
17342
148688
647710
614214
745997
326766
289425
122527
551127
371122
718556
975321
998200
86813
172938
153176
831913
748746
408368
345982
352460
928472
798091
418775
7911
133655
983355
418205
318613
921983
943036
726177
972382
557321
924762
756498
522464
382864
885166
582777
205870
997597
95265
843142
290256
668725
191579
73084
834878
924870
466309
83045
651374
988182
622348
543991
425086
761038
725345
219381
451141
178089
987288
298333
763416
40872
133605
24919
141568
841793
460414
156070
105824
262395
485631
188209
12169
836914
69084
874334
552518
36379
857994
368149
939821
767877
852598
799557
898020
137430
14014
799449
80318
38028
37715
383108
52425
307139
119027
764967
964546
323706
186321
595496
413478
39013
95595
1815
45893
974552
31005
613901
728918
965681
553823
137382
646474
779594
328422
521133
134994
550102
733101
552376
658685
652640
525909
698004
533034
666218
109488
857554
903371
904813
818508
516450
181565
579308
893437
829676
77502
173291
545275
91187
950318
323362
170289
844825
294786
186503
541241
850306
482092
987986
235093
2285
625321
53374
517767
943251
54470
718704
756476
815746
839795
63834
326965
775852
268514
286645
92326
902919
510197
669077
751893
537111
345737
408283
552100
449514
965486
733162
769880
684377
553885
597483
719561
581233
664627
498226
623502
407400
196425
258027
686743
516904
900287
614506
901483
150777
997961
376824
246178
83356
11332
741265
813174
390354
506049
68167
211
554537
426486
448208
605820
638710
474526
315467
488122
70376
87098
500882
999047
30715
190830
515125
154208
407827
411240
938900
92614
684279
654075
234914
583931
630152
200496
887857
266708
478381
975047
316537
607790
118536
47032
20455
622452
347970
450215
6528
562857
413921
79859
594693
46976
301575
684358
770916
918328
455626
227313
248742
719361
187671
431288
87356
12672
403661
573453
35167
120160
575513
785403
760198
358931
818312
533088
404627
409626
575624
982775
591271
945792
885065
425403
572486
752768
428154
784942
879504
542385
923976
310600
418973
412655
523496
820189
706305
520091
919462
460962
102311
77308
645833
612470
339401
458856
996685
84865
647523
649091
162130
818936
1968
517927
663182
106728
958286
719816
514825
351030
106791
355336
734730
257885
799982
683816
578668
200111
588453
851504
868567
801427
210606
317027
732038
560055
818909
342619
18820
184310
770569
145720
444868
234919
447994
127175
82386
709967
195076
110381
404391
600400
181779
303046
332404
980909
314532
687707
487593
440166
796807
967182
726903
198320
456452
314561
58297
895285
944489
705791
750758
64027
600070
555870
965118
858714
427180
854673
39692
945529
103363
77657
209444
334436
207939
601255
221748
615399
901798
575948
78830
758608
200123
62258
430199
605774
263495
620755
811098
76964
160518
265369
915342
200720
751826
139329
68839
922501
283246
105952
539647
67277
376603
445510
10208
739794
195430
632984
262196
751982
459272
536640
717323
983989
353949
235537
559686
387934
668612
581773
504684
542390
329761
329197
755115
906563
374948
551145
586318
573736
669006
662118
891601
36440
927582
120183
443996
972130
468943
156929
681442
21473
331479
313
994868
47102
84975
188784
520965
700089
163801
231643
534425
276295
751005
963443
495489
173863
514603
670535
240020
961061
153980
789438
982959
803886
704283
510817
509660
765463
811827
273956
170516
995293
990115
739987
296843
785943
149713
842993
797529
786285
398206
166770
91072
863906
638181
819143
649132
538892
54105
504350
942294
362457
372135
672472
206201
733534
143473
600441
838132
209799
79976
61500
735198
62378
877618
686175
632111
674803
526376
899069
800008
181550
504214
735969
878215
568261
759483
932262
231028
95721
524926
855378
335018
570189
540044
447595
20584
614774
864003
472819
431882
464638
132369
763830
142388
993753
666497
667705
240104
465107
136689
504539
157589
629882
177484
74863
767791
83445
150090
791617
579758
291137
115892
84921
648978
302887
60857
804612
28596
181174
333058
571527
684360
733176
764011
786861
229805
538306
395813
949804
164038
497788
192087
484930
994546
511130
681871
854735
653518
325594
958071
251474
445100
678241
114456
888681
168086
309350
713972
440770
908019
797676
461073
102487
586985
881528
188688
625178
273084
826252
633735
154831
363766
937758
223215
68117
552452
10456
209835
85563
764725
372476
230255
284273
834714
285245
481969
721638
78405
584407
159169
310204
557118
299605
151225
500822
158907
417959
479228
12836
752786
969915
468126
823505
281236
322942
864790
103456
296044
613221
622841
806079
321231
70686
408265
678725
849581
846196
620453
179880
207031
944912
43501
409031
501349
171512
818043
986934
798612
773155
993399
912954
756465
77554
287258
739245
719864
30563
178835
58979
925967
367607
905662
411290
199873
702890
906706
94819
585310
984497
711799
990644
311254
832213
441785
568415
582912
983231
5370
815248
991732
167495
643728
610270
35463
221067
339630
309743
529065
544305
866933
987730
822889
594311
240983
543615
980391
916219
43643
587160
482440
461527
676962
543695
878347
398926
607167
526296
93532
836921
461757
710419
195881
115630
830182
523078
209876
458285
760888
766935
451070
43598
325735
213432
670742
554390
447667
409986
889784
978202
554149
671211
411501
151471
291730
65673
6901
803122
659487
753316
731936
681894
400019
931671
929921
40067
456766
800179
879791
730775
585677
485616
601564
111281
269873
560116
460466
881438
934941
170575
738020
467093
446160
145248
234344
347103
250690
796401
354715
572863
733939
443851
645566
22912
735305
792238
555775
743953
268379
654423
455975
196834
932075
773664
690462
812399
785321
279097
724765
555549
892803
716064
918171
1905
65104
935426
555966
790435
465199
960834
239048
508959
306496
508078
747856
169387
846575
268229
145635
202086
391977
21309
626981
214735
212307
241550
324693
630647
303531
125054
761100
74440
392428
989983
451267
38665
546912
310590
310088
601474
439177
281314
926367
866041
814755
636302
469661
92511
608276
923346
45418
387203
472620
468007
818271
587572
4577
249041
163630
891816
452784
7659
108195
626409
106003
675440
839202
691038
45381
844087
878218
235330
975013
248370
395299
671786
766628
297288
59371
385035
526149
337881
485574
528725
878057
380156
786910
561262
739663
442098
228428
290371
184341
664509
573923
191624
67543
616437
243818
148873
753338
39671
874644
502521
483226
810801
667124
218614
747187
994910
175035
258768
231554
898576
551521
737030
693512
453730
343339
163599
121442
157727
579420
162046
912499
285753
302761
397704
392211
319805
242627
308421
439519
608143
585693
282027
432081
381038
849529
891111
258795
526547
669466
293950
406848
687938
392199
448161
385348
410836
303652
571081
572731
986743
884184
316276
402453
734499
687757
33476
279856
273678
888209
510614
787568
455336
517704
766086
957271
14140
653024
663195
985266
72594
453188
652621
270283
144870
679617
403169
977210
262678
276792
570759
590279
789296
241724
587707
786796
565056
799403
440045
613582
685418
286832
928824
63421
589430
69829
867510
431404
778677
127443
770916
193519
682667
971455
553627
768537
736219
924558
309185
143332
615850
132476
139728
877211
664531
615094
637354
693300
126586
260112
436899
842823
710443
611442
377219
376591
190607
467802
175146
660303
150443
956025
360438
764720
25771
998402
572192
108088
452724
899280
928917
120446
141398
52883
512975
910121
817091
892035
113594
577818
235501
392574
491271
27904
392517
435358
341848
470951
573437
846128
97607
601856
92106
33179
595550
677681
152517
20933
876890
975499
227432
600481
547381
715317
459441
4197
406296
806241
845173
557058
485463
213028
782385
737415
305492
151693
798895
984032
397908
204343
391525
822007
574242
733205
859159
769890
58239
464520
450639
187111
112028
391890
187169
943277
641520
180749
90294
722698
482116
122076
96573
849772
846143
726348
9072
238506
19735
906555
215001
801308
546732
65453
33941
225992
370694
612793
278479
859060
180626
240832
177687
959172
811016
184088
176503
252019
480847
648787
693862
734452
423425
558213
271610
951958
811086
907192
380012
376283
548815
174968
60265
364035
500269
594864
322269
945767
428461
190714
130124
954536
596377
885566
742977
170841
984613
358559
115215
21177
123386
744418
385544
38744
673713
984938
307894
57692
151362
638428
746204
227552
247146
330644
925786
681222
570219
1443
969712
661304
775102
621536
291573
450910
464056
294527
644632
833675
537892
871724
337536
183112
905283
15627
271930
808149
805924
178908
755861
328421
177691
371075
464024
103411
24060
367443
790733
293147
681949
327122
716567
858141
443093
329457
374653
908271
961619
969678
18400
612852
147936
585293
992065
336831
429320
180156
691154
688156
856107
975388
184465
743560
65048
838198
519860
73938
381944
392805
337506
889567
560610
165858
457621
764736
921883
474922
444497
960130
259197
422938
938912
115783
955406
653003
61724
934048
91980
384846
813850
110498
128044
966207
417848
498366
586246
929157
959233
627396
409482
252716
123228
31337
564229
866463
769909
811078
273035
17089
264068
598107
60352
143283
112025
799888
715790
105379
287037
183424
444338
324503
791789
39368
425086
414843
932012
525513
842686
994679
138039
622543
868311
131662
38739
599119
401932
504476
597495
548768
673781
4246
279920
720830
556635
454480
734472
623023
393810
92615
718746
398445
757199
503598
696757
882456
423454
130403
973332
232437
647480
884380
456524
848046
335956
608560
206223
875278
535424
133080
866088
24735
177377
87564
492017
860906
771914
954075
914304
218695
266532
229697
692658
988353
728033
435145
142821
927293
751726
468229
620860
717172
148155
463615
986623
445375
503229
237393
703019
464021
749268
143854
293571
758661
265165
651708
232825
430050
601588
791154
10086
404657
712564
92335
890069
936511
929366
739444
200342
633893
119943
763257
679933
423118
453236
740722
699448
800093
239873
28310
470152
251772
239574
657551
11308
749274
999899
662071
975203
407790
626684
217578
988468
516694
533706
579485
775307
637495
676550
753320
49076
695079
828130
843900
76863
387582
327509
169434
685542
351724
233413
138307
608544
488034
621140
141335
957796
855023
87804
163162
765726
699905
750358
288838
192721
989666
604251
147809
660475
133121
368691
640900
150627
817401
551148
611530
421282
798047
585071
685447
669351
590397
468219
401364
736988
6839
659834
386282
348074
467513
98157
898165
352023
464533
984820
919724
705544
654473
114493
945054
571631
801372
380881
893751
132394
792098
883877
695874
236963
724343
87440
629191
983911
202290
770200
332467
884511
341924
671758
420539
762254
996589
192083
877475
623215
871920
232057
963661
881444
51237
760578
661869
693985
440030
122006
227657
236970
335689
441935
278501
759031
705178
898294
1815
836239
369020
3892
345846
226589
695422
140554
791372
761678
120427
710754
447730
204007
392012
200167
95868
997124
322462
572247
711106
11095
833736
918871
404706
834959
365572
610531
176059
194063
464021
65893
121474
894428
368382
443634
550482
477154
859073
281921
760025
911247
246383
674620
996822
604824
425490
873150
535138
736827
740499
133119
101219
806347
181144
133682
349033
646057
681588
842352
187908
100801
86294
754425
263522
400532
609937
772527
488066
712381
761578
818909
742790
304619
357661
274567
578818
746348
604520
918216
812375
721331
144987
468753
369772
506257
968582
994014
231034
808841
944794
598716
640650
817078
126415
355003
480467
466619
363074
567914
433373
263659
597057
837950
996844
869645
896497
600566
66587
116070
977789
28749
167208
324314
654473
832849
751722
743890
45121
297455
62696
247076
367290
295462
687385
416809
831205
724556
19617
421238
544108
615218
821668
739424
577901
952983
955733
314546
981008
436772
38824
21913
999652
953841
396998
638255
597226
373873
392894
559735
6077
857962
833616
96147
233969
494599
666176
962526
387274
304242
217028
725144
152262
584144
402232
739024
148447
100346
158571
255632
688715
495820
515662
753403
517662
896247
588454
800667
953642
566529
444165
860459
61400
476266
576694
798100
816758
876562
816371
529698
593200
21885
48482
557198
426225
464781
483833
289913
411871
874963
967564
465590
264620
531739
251102
259798
322671
857654
110316
652607
393520
388347
378957
742726
37117
411703
92125
920848
606929
100943
709613
952456
190928
712406
175463
768401
677839
486735
27090
357909
686575
703085
43165
149947
913681
109459
937246
165787
289347
292797
764319
829124
634765
837162
660236
48576
347563
11635
493513
205411
275850
414980
898558
379922
702200
2304
368160
545133
527242
937388
845748
944870
586141
490630
82194
948225
879305
960068
905787
836228
927896
494833
450381
658997
659470
332209
998706
404657
912416
13239
716973
680820
538126
777689
684014
562256
531130
973887
425698
999562
804057
507409
183123
752512
147816
275524
662835
987996
181461
526956
377622
559876
526174
42791
628977
766462
842585
509498
703742
608049
642883
917039
425264
725757
369499
638946
44013
846335
103474
978647
772057
450271
135114
822445
327408
509837
332577
556149
891434
443987
755100
587266
23061
162711
684059
287318
634712
923273
964855
220856
857476
581841
818028
264861
595032
78437
147409
857363
184466
750775
627346
655516
302125
881973
389504
936078
180666
384534
259593
571906
893489
127234
762112
574671
275987
500181
201200
354088
258883
794621
358519
831379
799474
708181
352625
574759
883753
637991
481161
571359
94538
594306
165383
455908
88247
127603
89665
490533
183744
652444
557383
770076
669802
40963
29590
666767
615754
787413
970483
305519
105553
655741
698028
897144
804337
714700
26415
410253
197017
274903
898057
202511
287738
794593
649774
643666
652601
637884
52473
415963
637798
152295
192202
865650
16854
580586
187379
295765
731737
875074
548074
195987
218656
452164
896560
536484
150860
513347
141593
215524
278299
397402
224063
595448
513228
922255
192042
785362
520185
29184
84936
205617
229524
334136
276932
29321
849403
768415
963261
777052
939615
847463
880565
141102
636231
574173
435770
293948
441104
572964
109364
346505
380549
160616
681075
687644
507142
811759
601427
571238
76629
289808
344986
7805
723611
287549
912294
312455
823196
427625
732712
165446
353436
607113
163727
3256
309012
705832
761340
633181
371175
346436
825248
863437
921384
376260
142941
564286
273900
718225
332156
733892
86691
166560
299226
473180
530146
113397
894153
463943
13652
171304
303679
153545
430816
256424
680074
206084
727467
521888
124003
507780
835172
180391
950607
710208
968772
810851
996580
795450
679931
938826
620425
741736
409630
509391
284256
512471
149196
260836
440367
151661
578158
609089
454707
837490
553583
812021
520511
958761
746172
852374
996537
134056
484168
746771
948505
59771
995715
812334
726918
916078
52583
485745
45711
83922
923790
798944
993266
209006
122218
686552
218151
607051
741832
583112
19782
219947
965608
664818
136837
493924
982821
109989
34761
633392
458335
246102
311944
331792
533083
12479
95055
226899
86202
992402
818926
726042
94225
492510
148417
693673
372625
711446
280854
208137
45381
270975
739398
7692
876993
592420
900197
124411
438432
996849
981462
866988
483542
414221
824326
274852
781413
772686
26963
259661
50855
916868
947144
220971
997341
186974
136319
157709
569476
826888
430721
79065
244484
256978
678772
529673
800596
697111
950890
86942
968599
289729
741545
565519
748306
739991
27532
155048
572685
179669
572792
695131
542011
143834
969948
908501
994683
300808
221170
505326
298577
498039
636339
512462
705281
611530
548927
766763
542927
291224
923075
817514
477494
867251
415009
870682
976262
614725
173519
456389
496964
663458
439529
913149
996406
196075
912030
630520
765888
379349
885848
849560
109969
919432
379435
827070
562697
871487
448370
105431
782388
326753
928613
757819
504514
739390
356766
314174
335826
787429
945621
503163
58904
896238
372647
913706
453455
362522
300158
373413
618804
645230
605916
841903
282303
496596
121968
579514
498841
567765
390356
2216
770835
317922
677697
948886
219066
940430
7729
289274
510526
183935
730075
161100
378699
675158
504805
726562
258898
419615
714182
92246
771559
745583
974558
755853
480459
875622
512527
680452
423324
173542
488456
342716
345566
313743
336470
31026
631084
936314
892821
491650
9274
124569
281399
347305
100409
203260
798472
152993
767143
310652
616200
767697
25789
916362
530620
212383
858356
111907
542805
850012
753629
303341
529490
181640
406529
872613
714411
747442
598523
960642
186161
271486
568201
836860
726618
102591
199335
210752
387662
688407
488641
943955
751600
113332
583594
876335
324899
160075
56556
17019
117555
226012
453759
449923
452029
299979
663670
267240
7702
368407
711727
532351
325342
298954
299507
506141
245151
528607
128403
316586
868602
818351
447299
558950
681039
543060
25365
689517
821612
132015
733792
722671
627437
641903
96995
679923
344642
640035
557076
225916
775858
223925
805873
387627
116987
350232
766150
168408
705106
920809
44467
35718
968625
809875
559116
33114
285622
970164
163416
691682
74712
442397
106328
232397
252298
313704
787333
344219
970670
82902
449252
587833
741839
412688
62932
506439
760381
389910
581912
819507
511507
464598
437035
517632
702199
480328
154469
887540
521489
776045
488410
704109
346223
219898
491209
507900
611987
552672
27048
936634
896428
304071
105740
883023
3884
387276
113177
518037
505373
242135
29241
993813
917030
4266
415239
231325
786858
653340
562680
764873
90138
371430
708780
138596
605502
210259
948994
765317
254673
980011
426485
563526
914524
395076
242784
916544
414457
230487
53037
355218
933681
894385
933154
826685
780892
934027
21260
692206
331203
78061
117218
785314
630090
377418
980880
552267
651114
861098
216347
593339
636256
766488
379007
68029
604375
381978
195767
114305
928346
125101
1821
199626
978243
309162
89214
782677
723815
568510
112257
951208
592421
355859
340436
205727
759209
801570
903398
645428
464438
788822
515364
22676
374750
466818
646637
176405
464235
262615
424836
822603
387573
418601
217130
462893
305713
286990
883676
872115
651682
455803
863616
324547
772865
925522
767591
204077
329674
337569
516113
898228
155939
502748
898744
227219
301864
765648
991782
620170
63194
209014
256394
264103
289173
571059
632029
958959
780101
381199
394759
15184
705217
910875
201771
548994
32190
395400
554225
708378
643529
895165
862140
733845
409056
708921
486905
684569
11312
791949
383375
255450
733233
329014
465947
310975
955784
188364
395659
826482
582933
386218
45133
502633
192344
603212
694461
382017
707667
754107
8483
762314
684841
336975
782372
710251
126513
271557
453020
462523
207256
473671
349178
950198
52292
26045
354150
568743
927856
514455
803913
847663
950859
354108
35432
644804
665793
479341
9863
645696
100427
56400
593697
948317
865491
348691
382062
361030
989002
884402
816614
20845
796507
791468
633817
302852
434954
794896
977877
66022
693652
336009
804194
609431
550660
803609
606840
577874
479765
22581
427240
329758
743950
144306
40345
959379
309044
892515
615602
13742
478731
722026
418337
308076
500097
386625
930514
738349
938476
400056
740834
554803
862444
907389
228620
17125
300270
908289
860901
46548
224093
349062
205358
554050
598091
31553
529991
666121
41819
640197
181518
573210
735596
101327
524151
277484
172353
843371
177222
550581
597898
226346
50208
275250
568750
452666
832597
127736
786064
64742
720738
473434
6836
347256
386716
838220
507335
811829
57624
249723
634957
437941
203254
943960
180821
308623
220077
922100
821244
902355
844668
3797
685587
75304
606046
597516
397027
106328
71564
482728
7500
965278
942058
108939
67748
440849
215078
563842
259243
455086
380373
137082
85094
405877
230783
541856
605253
238187
437832
558107
914078
148556
885921
534711
843964
184225
713406
327896
24071
562992
162992
871297
920109
455970
595601
461781
272409
524642
357248
902106
492472
323720
810445
392198
36726
516876
183805
981337
457173
802163
915641
514857
75653
671654
339405
345937
952456
528831
801506
115432
306878
400076
656871
465934
88299
11093
897237
827358
119960
927971
675398
747557
102903
503082
722872
737980
426543
668153
34559
456077
630537
787261
42266
139152
958218
593473
686334
174917
463132
647564
618528
311537
675952
13437
9343
20824
882586
402532
741039
19707
243892
656175
32235
813187
71501
423015
980977
523665
531510
900937
79502
102629
35948
988063
709424
827546
295245
346927
572074
328198
853732
406896
349445
758272
570773
955067
960761
55990
202019
715050
667641
199822
41904
586438
752390
826161
825464
104722
987614
378501
716338
101219
722143
54008
588889
95261
35309
691936
196028
54756
557541
358274
39398
977785
836281
122467
33838
885475
628088
534088
70658
387841
205510
507293
388324
851929
755741
90130
392874
781270
321886
106759
81114
23419
116279
98153
504238
653454
668180
131180
945230
455789
177857
949201
714301
152338
170940
867600
203861
236884
641503
258305
661956
184916
836725
606928
966965
925905
401889
885021
730619
282292
481105
566398
291106
328196
771056
10628
910660
595759
787777
233655
283605
735145
557544
2106
626026
513726
264841
976789
345372
627431
826514
46633
609310
676546
144723
515558
526384
437928
271876
598849
4854
2101
464660
745593
259357
733421
870395
325735
518563
241226
718246
490623
12304
328808
738463
847219
421591
761784
611919
69828
789837
635494
860134
942588
964915
656740
404920
361502
356540
570259
388395
104832
777805
24620
770079
362006
970251
371086
292350
573583
145614
512057
112878
169019
576497
823553
223272
139705
892468
915939
206242
520149
573924
924383
335660
75440
753666
657482
60642
837189
826528
225606
992091
191172
821017
126257
927367
763373
347049
89619
372418
859585
78166
28483
605357
567806
128643
529640
618432
215069
792336
64385
911875
202467
509238
768418
689512
809128
770820
772691
120843
393188
994133
435424
482927
875863
803103
576511
842496
638130
687315
144896
472882
245829
692550
166771
572957
694606
683121
577820
357248
554056
718649
31324
493912
439725
853753
931307
201612
459926
365506
759726
413737
451266
705754
583655
455451
464217
234125
892315
624821
14661
815584
339661
537519
69698
631814
845787
522338
724439
323686
818372
516439
58086
876718
931563
525135
636443
878244
382323
965107
520345
97377
483740
481603
903575
383571
334348
152761
545238
854899
902366
470891
28318
75129
720645
183656
636068
321149
96469
58835
166166
825202
718893
32227
710031
645705
168725
423257
391233
912495
703546
405679
673532
112135
345810
825801
210216
388810
151717
745506
897331
923794
908469
6622
325421
769609
709852
721390
404895
681311
222610
78497
885863
986676
38461
542278
188324
984725
276164
71309
765876
304545
494963
510731
496052
725147
455278
404164
906661
600332
470411
13916
713137
264949
415344
841847
331466
711361
305372
987887
881644
986466
112465
54644
230005
503277
827214
596735
76188
8687
350749
915991
132631
403827
550247
150043
132785
33254
664026
581735
544296
580893
589873
599060
513163
100595
486429
274042
891596
306125
745637
369217
109815
455538
583459
778054
818875
579064
95983
499359
641347
146263
87817
554036
572457
994648
839696
874525
620373
749151
612530
139416
671669
234825
467307
811453
972703
432280
110771
632658
76735
208476
207431
849301
577235
807703
399908
145980
832126
286972
368882
171369
587298
443005
526638
741821
123623
235806
646649
111659
24417
590998
938330
367280
192655
328901
359758
455807
989030
647330
811871
703566
615089
521897
537681
812039
504416
189395
573553
552832
21247
458538
294852
339421
227271
55920
893596
371385
253703
812877
342636
978707
112526
432861
896326
105949
685525
879213
111527
983934
485652
76496
165178
26097
139272
270178
6004
119538
876683
181535
357709
243273
396347
366309
902971
23009
33148
298807
223609
70047
317274
450351
198258
992662
279717
116869
831329
219697
162649
417794
317468
974365
644672
923210
665361
223852
96201
953390
982726
486982
522828
170855
823841
94498
104574
604674
893667
930399
405071
236853
374454
274635
275614
701217
787117
195427
787722
784937
919362
479811
879822
515957
403477
133961
550166
524155
551019
237458
645003
599159
417082
145939
845233
562349
83163
150270
536854
324050
202278
920715
893298
409259
55319
134091
769325
550537
986625
809083
184365
606124
418973
891112
491476
369589
229916
917549
35956
353675
901570
393671
468093
626579
978937
329924
520722
380535
396315
428083
824734
393163
435402
397208
13176
628239
489462
737515
859067
978368
449646
705037
427387
391495
880735
439027
475280
995820
177176
801545
372531
67038
956684
699183
330508
624161
886949
205175
771000
246495
31817
262011
59223
504207
483432
440579
252757
291979
255987
604853
583868
899199
81278
81688
938895
215333
331237
132071
137935
257193
560843
706764
526245
599106
816959
200349
362868
29973
270277
244824
317571
522460
528984
958793
652298
690415
397214
953297
504225
849695
449493
146198
833010
511469
880701
45544
480209
182035
681770
789623
363695
400198
365792
356797
466874
361939
772256
930089
530153
865250
807916
120982
554866
329214
147333
297603
628878
563166
628516
954757
871673
652700
357900
480509
308424
11711
272939
554725
888858
958497
896894
712714
885076
910886
636303
185245
860557
545029
538488
472491
603699
565230
355602
510792
605650
752803
944710
786505
88445
468004
228038
751364
291963
164185
402394
283377
698641
572335
134925
311971
705931
244006
890583
221150
659530
512180
283779
597995
707978
253184
500628
571754
835055
757830
362959
131910
557851
472789
176015
411834
93284
453145
121352
379681
250700
712792
321000
504682
388993
221505
246059
433040
840477
180810
803647
672426
668620
244838
47633
705835
685822
894168
466417
506535
13381
554611
641834
398094
741058
655247
149304
190687
731916
10585
830987
493872
917078
9812
513767
46902
187087
319730
856586
904771
636114
174269
147078
147361
450049
278766
751891
937137
486864
863976
612393
249097
385544
301282
913030
81814
146787
68818
457514
804151
988429
740070
601297
398198
370194
914769
152653
301170
108486
205230
937582
88035
897668
294116
464223
640715
677046
388851
902633
770428
18999
852051
558740
813183
154407
585666
982446
657495
105837
301340
856328
826704
48259
474765
720118
291947
404130
501418
383860
477965
374247
579922
158884
437287
798236
95344
360517
754489
216820
61435
782198
83757
817928
911793
131154
88351
300375
920792
884011
839
100045
433683
401352
674980
50101
897331
713490
879654
852833
729092
734013
907981
469633
293055
599508
161565
700870
777371
692717
501052
331803
360581
554282
787687
732896
63940
853633
140608
366960
22655
707190
9017
655068
340008
604423
502130
99531
505549
616604
870666
419732
107734
48479
22921
134196
207790
684443
441296
754314
451230
862436
727733
752544
12876
429892
507233
333733
215529
360135
59297
659162
683771
269716
402375
964837
181094
697987
311595
475562
480699
746934
877055
370668
189901
985688
520599
487311
543520
998856
282303
234123
225961
975889
33475
729998
622466
635531
912699
220110
470521
77451
867829
397896
146454
903174
504464
765177
921609
151972
381554
585268
391481
771620
561460
749604
263525
729129
393192
777155
38286
48153
135261
540900
353788
210298
684797
67647
337347
817991
606686
539356
70670
706130
666629
632199
323551
400931
873143
489017
22747
290671
345529
967298
661501
340807
888558
909469
993092
385138
924820
644862
853241
814792
84607
20775
671648
533422
480625
271899
290145
130731
907019
158909
945737
57654
136838
968432
995079
625766
333521
631487
526888
187921
309737
723297
941629
469647
849410
165024
21043
645360
342444
261757
611655
449933
392388
249838
676862
750065
163719
651995
865592
24877
79769
271541
889840
594960
488099
478818
525797
503784
588248
93409
452601
356935
117935
735583
854775
25762
18802
927807
746016
284861
46932
726366
485207
889281
726989
903315
783470
893776
319637
623614
997152
126552
284558
405987
18360
525847
837409
805470
104832
609653
259094
872716
115544
613483
602570
584323
526819
486880
214988
838207
187875
204226
937592
95238
167764
58842
142604
889582
340407
585917
147485
450711
354712
568435
770779
30671
946172
122850
996430
481125
696599
126855
94009
334111
935660
880634
463193
576268
882459
55745
876781
816432
165058
448868
15363
25245
622753
746056
420051
666687
298182
851921
96851
123011
202035
581468
931648
342661
2164
290928
209814
800343
168320
104804
237790
634800
34927
862746
628169
690668
972883
782943
779875
717689
510394
176808
175966
769805
932727
415948
952681
469391
642023
988225
380937
800807
88068
494973
998383
987558
118181
245054
983450
39447
114318
38034
216946
115246
56902
167597
505967
388541
958799
12101
26068
371754
351849
527496
52547
968448
43797
87939
651361
233834
884469
849777
48603
927060
317284
420929
436700
620654
475372
330655
258457
597033
11078
712787
335174
357305
33170
714241
258459
938414
746807
797154
460086
774916
262994
176632
463852
568645
124640
890970
750099
928127
638465
38321
557850
703914
21322
292199
668290
827603
267423
360367
832997
567333
69348
248342
742259
553968
400033
879629
659989
742913
745028
610758
903588
825611
582254
439529
395297
954212
216094
43379
547049
958701
106500
457301
24217
46790
955938
124190
256096
513899
938559
894943
463518
384992
176654
283781
903197
770678
918294
205240
5259
100836
5767
857776
380593
785522
163498
482712
133828
937380
731228
105531
770789
81716
437433
757728
29572
233843
93329
13937
137679
769505
802631
162701
19612
490944
521363
358564
345992
786271
564876
308443
918035
761184
296634
376602
506768
449293
939995
537989
878064
929443
207816
67885
948358
940231
657756
173193
661782
535169
58456
237217
851878
100596
390126
186252
766168
46647
117482
958528
591536
458576
36710
234181
580692
28358
829547
332318
761730
251148
928741
330641
109221
207378
532005
384460
448703
362473
171829
403698
445198
332089
539903
993320
253490
696176
27958
622134
811109
577877
938109
934057
109711
180057
140311
318529
786124
795042
754994
782964
444594
56560
456418
224151
705108
349576
964967
363826
24314
111907
329838
900150
563813
419545
119023
34340
445701
66776
165259
210984
921092
482506
197806
715207
163370
670472
954917
623880
144593
973043
751683
419441
400009
826873
133392
611120
560930
558685
623222
210701
795285
370755
335523
205339
980396
825822
29419
235626
895720
802273
927688
885101
622520
479650
254460
936679
118212
772751
552492
509312
943970
551843
917732
980339
550719
801114
231076
618176
489218
350901
355835
941196
928221
513433
347092
608086
983169
534406
913479
565559
810019
184361
829500
957423
863176
224722
202620
707256
518971
561454
536894
181107
254164
742542
746146
999553
672172
920453
993035
635750
514015
670586
86604
316101
564394
572091
716693
979414
442358
944979
535822
779197
203047
152416
491115
233607
971125
389588
326588
409477
998884
823200
682431
925409
553585
144063
500748
90343
429030
913862
114847
262236
270291
631765
447382
355343
526089
805979
662784
778714
770578
353919
579120
616798
198943
753172
539913
136711
10536
873222
300752
808294
741144
445224
624312
234659
894400
559618
331376
415217
117006
214101
611204
603611
89195
347411
780626
354624
71028
285259
261981
756712
920571
334959
649449
145803
693465
837940
60237
587802
584019
168755
717282
962871
916194
351852
268237
665309
363985
151777
262953
894699
666015
713728
905255
954115
753058
716008
472079
696989
883995
356331
784186
170290
928881
918113
42790
886638
377926
486302
187592
497895
573006
444075
34389
577053
177848
701670
722789
352081
699794
271487
313986
634051
829550
98796
990834
784356
827719
169465
610888
986978
242269
282165
870076
491539
158346
73295
204119
398831
43211
485909
572962
217799
370176
684559
118464
624546
343215
94596
809844
866105
276934
870993
174715
631896
925673
568100
688142
15394
191098
387334
659694
969339
193263
358927
374755
920146
743561
780599
673083
844892
427832
36959
598694
199055
63482
228534
185996
885255
497006
193995
134215
774106
335818
638334
766053
169824
759354
539790
336723
607587
972213
164231
541608
894281
909662
611050
504495
650141
727224
937854
830858
864164
149452
20800
616948
769686
80379
482401
227378
267490
180891
919195
711204
127658
222921
949711
652794
813928
359798
685759
996372
423174
358436
479484
562575
569032
141348
742396
137527
789353
198256
390148
846369
397307
322514
603043
514043
552305
281599
43780
216188
516087
703364
620310
583315
982748
301338
347047
322565
859115
275002
467988
949942
706842
356216
174701
82492
677203
358375
499072
350021
643646
947908
63697
2120
721120
181589
750128
228610
107136
583559
861606
475167
305423
595423
189328
929822
422541
355273
60471
204694
798860
979539
870113
531638
677369
989538
596909
279381
151818
32067
804288
505679
490663
499772
418171
577019
622690
857083
294711
182485
980801
577900
612441
368186
541811
484769
68028
431581
597186
378800
625869
508404
326160
492519
626174
774748
800938
357577
764037
808983
51457
65803
89421
462704
703688
508629
726429
324108
557310
309737
650366
492036
349545
301423
372465
297283
475942
363871
385661
567812
688101
6910
449087
740507
995748
544554
524629
531994
941706
711187
107641
404019
234143
322776
867815
706949
710084
314622
262770
948189
828084
512301
91877
65607
141756
462336
52330
347602
478223
804204
794670
20480
998058
255477
266994
483111
475729
372526
378331
232471
845922
974124
173795
476839
649918
789748
444415
331163
629927
866171
8235
518731
720815
700616
226409
275884
171158
448873
621621
12068
562169
197840
203198
243513
335167
577265
380419
614913
513206
92562
370444
86997
877486
860226
863511
783948
991799
777103
756999
671400
664177
5195
631350
146388
345568
889040
264082
165490
763200
761859
191452
34653
653668
111666
524077
602838
210484
147380
106559
791785
543817
369492
406966
252639
443986
173348
529843
434672
645137
849677
398176
464036
69358
580506
160460
80786
670372
676139
769780
385177
544729
49980
559612
447429
123489
601578
866766
571219
17210
859785
376761
967128
151010
614773
712347
421409
215814
476103
388852
161586
564539
62831
746340
508240
489477
848917
748513
938305
548270
283897
329345
804446
744351
428524
560577
233338
367066
398785
82911
683958
393378
960407
68496
852511
277792
970526
760348
39271
261274
855449
201412
995551
757259
569385
762223
215806
391878
611597
137155
992416
568363
779593
597619
665688
245516
471880
1090
670299
65231
846374
176256
724800
247497
811426
97108
651735
267468
8460
779078
757322
769263
151149
637203
670746
945105
146325
215400
741600
938136
688068
515708
278598
570175
208143
699793
303356
187628
476384
634789
981807
212365
644304
259604
834737
744837
578798
701268
448423
774882
1100
153372
77534
14364
536196
211326
120390
433125
462684
170496
748417
867857
514582
828242
210928
734172
235294
390230
432569
264501
169104
36245
225865
398648
507595
745597
34847
583904
273544
217932
95403
635406
572811
502375
206869
669705
615829
274986
37236
204158
927732
139728
242455
961435
368599
125746
956334
131727
532233
422897
987356
705964
833379
633926
41059
289723
615662
566835
58205
302787
453506
698962
459468
859054
165027
144036
723712
911653
518453
522405
199318
182630
909848
727021
819460
958857
722782
641721
727809
300548
361572
775907
874713
326878
508266
676668
23557
486435
376676
655412
83197
376827
105741
737396
699332
744058
942682
237060
174365
431795
885588
934685
279420
241726
787234
940047
565391
157796
950141
923901
947512
625495
474014
899764
438860
199018
399596
625556
732819
976949
471275
894327
711534
439893
116629
257555
419012
958332
596178
624576
246359
722673
290518
548592
552881
959976
789441
703235
769568
962350
98612
328582
858918
636178
642239
993045
652830
429010
835433
672991
360672
422229
78913
349501
864134
622176
425129
72505
321287
358202
697917
362468
475169
839080
432988
202244
685577
651741
174121
377939
706857
960956
740391
937620
110734
83998
322839
923634
623726
742885
391369
397710
840752
735967
127722
294460
518847
858024
675720
795315
768300
507814
699648
10320
776247
767363
45381
999397
489673
369538
332802
835209
340806
115069
764978
306465
949860
254427
574389
838880
600810
129719
216260
449479
30962
19055
956675
187158
696126
212509
740477
912485
801320
360977
281018
591119
441181
148905
710104
185492
605550
792271
983407
108866
891528
350453
929163
240492
892226
689450
800829
20521
954676
596420
17974
631963
886250
491936
703746
56430
576265
505043
567130
260714
7310
153366
56264
967159
237850
982862
126419
294101
338433
630644
912203
891340
242572
990523
801549
654453
449688
405905
810600
850530
4876
825171
166196
269396
449067
971580
487192
713774
978077
892333
812454
184077
195203
571928
907153
203949
136016
630280
62784
563279
932394
982006
959497
888276
936044
497370
80861
551896
683870
484392
663876
735061
506761
587842
37687
595861
452581
423362
445806
170160
390583
685896
164949
152940
927749
714010
390113
139254
817238
746828
753051
605431
145745
423211
782627
421209
606468
745662
115791
933345
311427
598777
280381
793869
357421
985600
301609
935523
950843
991454
36594
6356
556873
435695
338558
192536
837598
282881
439558
799593
485463
358958
274534
691359
241013
874364
757998
556729
353017
442307
768753
636858
520267
530437
344978
933105
416987
882542
335049
158141
456269
654126
808331
55653
595549
26899
414652
690569
870386
630738
424827
678474
3004
48657
843557
165254
243449
633162
675672
239386
676755
701537
697126
390268
116330
315656
720986
903385
787751
418984
440183
504136
809147
94077
918368
418229
87104
907448
169985
16111
605286
636192
757326
150070
434910
631123
123045
706306
703619
461980
440758
459102
497435
816089
151054
327306
43058
891655
906715
636422
134105
447672
120489
156738
956457
692737
472382
268930
290460
370923
864904
277859
447166
604542
365009
351592
783268
433419
146387
430658
822194
1571
895790
7588
737882
2537
860725
492054
906905
366616
189669
101901
305041
494206
65754
759486
858577
413414
422600
880745
4343
722169
739352
705069
515249
818086
84270
607567
140115
388667
454042
95816
500333
494185
782624
744384
223546
167678
672943
67742
773293
773704
93690
222007
12595
667099
603518
760637
476073
355613
519129
289636
276215
270675
646117
763394
650870
337169
804102
660907
430168
887429
520433
618045
65106
977828
845097
736166
718087
436169
482943
573062
713541
48743
688209
464429
123832
956699
538510
693282
531256
12809
507615
945754
952296
468443
715007
556880
912916
45033
548879
695634
281265
45427
618979
643123
388602
778086
356251
545706
184050
63860
732570
661289
670241
773532
870095
598177
656280
973600
900883
187928
906149
665050
452249
792329
810641
19151
7478
988710
300560
364638
553557
815826
167747
668068
627095
677273
371392
182713
242389
177839
779951
271383
103317
644556
209047
873058
320465
722295
152210
964308
541252
55970
333531
816820
136878
196914
411384
472177
650345
11502
607883
184950
813656
904264
684880
689334
278858
820283
525830
253308
16888
788589
264463
617502
23879
420033
979281
478586
649958
866838
984618
25282
159174
538972
983778
673464
838248
274013
520392
487433
662659
969226
71795
180556
562464
173540
337783
467121
593250
765599
427590
148229
943428
617605
776202
404072
321149
478327
752759
651639
227487
472880
957802
990384
721936
506311
544231
876341
330121
990246
658867
985040
827104
420731
746851
929255
620060
995236
626546
171922
715230
637648
924430
574117
576125
638398
952793
321703
244426
388351
57372
755382
160940
425768
713204
378337
619189
728146
942969
429806
518047
414903
498695
576312
134939
836568
301664
122277
885675
735675
449
131064
370537
19776
102420
160913
613529
78210
199562
301625
164477
879186
718382
592788
817055
22841
355582
868684
243017
711758
259580
487095
13114
975675
43749
925187
848736
105899
337982
784015
949880
686199
499266
475850
120625
472548
499369
869911
715417
874643
214022
32953
333119
414071
956993
773599
679923
826553
27443
121362
637298
904353
114076
420747
846212
975366
574447
201984
699730
805020
339780
211975
380225
986097
102440
580106
654006
112770
793292
945190
271435
163804
567968
564893
809704
305956
694799
15960
948629
491156
707251
541585
426089
713742
355226
388468
468180
713198
592861
320649
441066
538445
331404
365237
493501
687688
253499
111595
811753
262951
657851
12337
351996
616618
129310
137009
992900
417018
706628
867148
797745
597433
623078
18515
846004
476181
696561
579547
909548
863698
479589
697201
890374
564778
240998
747629
671981
994758
234285
949423
935591
144622
895497
580288
405363
389092
442413
611502
473600
541408
33881
410142
487900
930092
928688
405815
567494
753425
96044
217454
63096
796565
430465
586381
334357
738809
729878
950555
307950
86503
635174
454499
505479
788264
376903
384899
53458
850097
968092
176642
763260
355556
928310
172396
196063
416732
860642
24179
611690
807314
218861
31623
820014
246718
702535
839219
483111
30531
715546
686371
467476
554116
257367
231576
616282
211105
742455
818110
27069
964239
887707
356580
143308
679880
524682
765020
329432
464615
587825
991236
344272
861785
771076
898551
170637
960820
66974
325630
604498
476319
733180
777412
399023
636374
735282
107168
153505
945730
737038
408494
251177
200464
5085
694958
148922
621709
415537
958136
280156
91985
679847
35306
581287
939539
813222
957627
385154
235766
70496
554007
975882
789054
88291
905246
506273
897261
263903
392243
762553
80203
783992
266359
981498
974069
413140
19594
922235
242591
915076
15031
968558
529230
407728
644415
935743
954209
259161
403602
809490
341695
507613
520313
727711
478633
599117
688830
769229
561085
988387
376668
905981
808610
560335
695696
74053
525233
498171
722622
61266
339392
28335
848789
208200
369859
14674
728990
496111
490432
534876
638440
881053
434529
704538
15249
300085
299416
633134
28507
840115
464836
510862
471222
760344
819824
876754
288818
539893
132082
854727
166981
322403
671552
903984
650946
519396
317573
31996
570786
380927
686713
489281
165795
73807
543887
732960
172907
266470
54949
135060
270137
605064
245502
12671
128840
951789
367571
112739
984941
465282
11584
412469
962451
359158
473262
94235
849158
859147
841919
518165
252002
472657
532357
623762
781809
728861
314446
208764
775303
580728
926818
825790
299802
570717
237031
852327
698938
790175
277220
111485
721128
692715
220858
771811
318911
1679
773710
722518
703884
988933
682732
391108
828318
48857
824430
789707
966417
648130
340600
740692
684107
319505
190492
537808
85151
307752
959903
289217
775615
281761
271734
155492
735299
523469
254538
773650
97748
840380
478017
208099
28142
67455
268780
278278
131854
817319
796619
793803
261293
378472
853826
188981
963876
109340
675823
342934
164981
294481
138638
387332
321535
908976
401495
439343
509227
644267
499121
950785
375942
395540
907607
521616
801415
941361
306675
705166
833091
21949
722193
122833
381066
745313
493818
529445
857371
680018
745372
585027
849035
499624
46408
157665
291549
389946
396045
122817
210870
542690
87795
75727
739613
419930
891926
164699
861764
114833
661872
972597
192761
830484
460191
563345
107276
964022
467426
67149
270429
162738
567935
797570
593980
545735
932193
118429
981948
910227
228512
860092
440998
701119
645952
142363
951793
86115
439213
521751
747279
877229
931933
160383
485216
456977
20000
295360
407168
196324
290934
784446
346021
323644
802490
335494
377350
125003
412738
152171
146995
927354
861017
454021
140883
713127
199205
828727
36072
898442
892623
317249
203732
710376
8121
75571
548176
389538
929678
789328
747655
335742
159384
536575
371522
240449
406984
685713
316754
654055
137810
830093
364489
112300
584953
899187
218989
483503
9961
318450
165884
852632
599355
974650
522888
964704
443410
594335
550235
476533
402145
64173
34161
317315
368672
917769
834970
119325
239455
352386
354236
707603
868268
556775
710508
988103
49919
827116
854762
357655
569721
622541
837303
736106
688517
863258
89942
379414
693964
110683
637113
859114
733184
511612
8039
552595
410491
978608
649174
364902
815373
872023
573056
921346
979299
358417
408263
852088
190506
839090
602713
712464
862346
770649
485473
94500
482432
58404
919952
355691
117423
856689
625691
246101
108866
752140
880367
592907
119571
32089
681983
643248
982762
896184
870190
542139
762161
901262
114667
741803
543703
787132
9335
715035
714387
944357
179032
755777
122756
866535
9344
947565
609885
920382
189941
229480
552236
5102
270582
419424
232720
908096
605941
925940
460187
672106
676039
400555
775807
607045
543350
299379
759949
728161
251195
596884
374206
952512
251730
442417
147236
960641
86833
543111
195494
610908
353031
229652
155355
122731
644112
315363
178022
583463
657861
906871
892929
542347
391819
959088
337179
478726
974559
82676
203288
455783
430383
678544
190319
430290
822960
157219
759142
886598
962599
929782
6471
707509
513438
803935
86402
120825
753132
346533
568399
467004
166080
838947
280088
172125
483563
139346
179368
918695
277120
117344
190557
509578
323069
153525
217381
724883
109263
170079
765469
962095
677001
234970
617327
873819
1570
583123
547367
264670
322518
306957
228984
140824
4379
543131
711786
197683
279042
129245
158353
818091
365159
267604
544433
932697
549455
687809
175114
181853
238038
17729
62792
828468
765256
368213
205778
896068
62903
376810
355160
645801
110226
85624
19940
336478
398361
322956
490325
830393
938074
608711
751394
442143
772485
422803
457018
337469
822675
46369
481452
742485
871792
848861
755092
880401
773420
184157
977311
817157
321045
247404
728861
802612
513364
785226
106339
285099
234106
597846
1758
927467
247758
118997
297199
127915
437013
350848
812062
888113
291631
484060
262703
215575
842529
535524
259488
978378
568018
136797
924616
574794
430427
202139
160623
148678
556821
505821
563671
237131
718351
17945
570808
642917
397329
360845
660544
269482
473941
711589
569974
61647
131040
146550
389106
414579
516924
241567
696822
597613
27233
306419
920139
261253
897122
140099
87223
902560
903459
652043
773555
677814
317649
161428
253723
327654
726272
105230
921538
150379
971277
905673
48869
667643
409099
605719
361305
167253
575792
25636
213603
684601
480957
914828
515020
820975
307638
357663
646264
406191
442778
131087
632809
889415
11282
761101
370945
439654
126285
546665
933482
952586
309660
842439
659218
753083
175212
448448
896738
865083
30916
611683
638186
545884
560954
809117
735671
282239
607336
915049
568456
406631
583653
367070
511879
243781
585255
688400
187694
745521
294196
784328
732080
979407
362547
326174
906328
360117
861115
196405
654729
257495
926976
728338
592547
780849
324459
519062
758243
728624
357748
431643
124538
193780
556032
962248
578932
285617
32886
171377
446485
831174
118941
82432
290961
482402
34711
451774
712270
404358
458802
927139
148180
372449
305077
577786
294242
575697
828777
173298
579990
102013
502827
791664
628159
690882
883393
297512
819014
797517
948609
518177
593385
551810
577325
249043
964312
782127
277715
935449
27561
262187
973271
311817
891752
882826
759181
546572
808601
64207
643478
589465
729204
949244
710133
720635
302479
38660
891714
144083
593990
403062
588574
453978
331382
526648
770777
637910
538106
850200
552972
948807
265922
815348
672659
396897
251821
905427
649909
444057
55707
796844
856742
116829
114358
326729
805708
160911
690534
741980
855629
755371
977463
562336
540310
879648
246369
713670
698076
508600
816249
947034
414346
762948
755228
943987
394452
870413
818982
808765
57344
27051
969401
467935
461811
190303
812792
746119
145811
418847
121100
752623
373757
314288
322682
100758
115011
908091
439758
798118
23997
518865
910630
743940
741528
586518
219820
721684
207000
928314
405695
735992
2088
800547
689498
873079
378252
818649
290237
264068
453968
273139
25134
486880
16729
915470
361395
794920
863233
338102
931898
399712
832433
386286
582931
977794
10263
868117
921875
761332
751870
874065
918998
975698
9254
4537
17794
481900
546935
949039
434564
458627
403442
710764
908900
259570
239280
781808
138619
348998
306988
147653
756919
532521
209212
535159
711201
503008
303945
17144
243394
183380
969454
244542
276709
636556
264554
399794
590827
682614
469137
432727
363453
179609
76463
553319
879634
433608
763071
326054
369627
691136
606519
663387
982764
628372
847272
972730
599001
91162
684952
270188
934473
916399
106579
705235
53769
490703
535967
833688
123261
697401
22415
56571
678091
353566
182390
129484
666276
755023
957864
146058
708291
424590
477481
733908
749905
342731
332933
879240
203900
773931
160626
887010
819500
110240
924731
237126
650139
312028
888829
486514
42231
857235
82066
962387
110319
367680
789110
938753
950115
596122
820194
720577
752364
385633
380041
240626
416922
810321
469817
672138
607044
126545
565247
293991
710561
522216
355176
873953
895056
612197
993003
787451
817332
291497
352476
281259
84768
919898
25272
405067
770743
723813
948223
538306
163495
454042
337927
716924
517249
47739
21367
97866
744819
470417
792992
125228
956590
243296
111467
410687
